%YAML:1.0
---
img_mag: !!opencv-matrix
   rows: 74
   cols: 74
   dt: f
   data: [ 0., 4., 2., 18., 38., 48., 52., 54., 46., 2.60000019e+01, 2.,
       16., 10., 2., 1.40000010e+01, 34., 38., 3.00000019e+01, 22., 16.,
       4., 6., 8., 10., 16., 20., 14., 0., 16., 22., 14., 8., 10., 22.,
       48., 5.20000038e+01, 12., 42., 70., 36., 22., 40., 22., 0., 4.,
       4., 12., 20., 20., 20., 32., 54., 5.20000038e+01, 4., 46., 48.,
       12., 1.40000010e+01, 2.80000019e+01, 42., 3.00000019e+01, 8.,
       2.60000019e+01, 10., 10., 4., 22., 40., 34., 12., 2., 4., 10., 0.,
       20., 0., 0., 0., 7.65375748e+01, 8.02122192e+01, 7.82432098e+01,
       6.93541641e+01, 0., 0., 0., 4.21900444e+01, 4.31740646e+01, 40.,
       3.54400902e+01, 3.82883797e+01, 3.75765877e+01, 0., 0., 0.,
       1.74928570e+01, 2.23606815e+01, 2.37065392e+01, 2.02484570e+01,
       2.20907211e+01, 0., 0., 0., 2.86007004e+01, 2.40831909e+01, 0.,
       0., 0., 0., 0., 4.90306053e+01, 0., 0., 6.82495422e+01, 0., 0.,
       3.80525932e+01, 0., 0., 0., 0., 2.60000019e+01, 2.40831909e+01,
       0., 0., 0., 5.57853012e+01, 0., 0., 6.30079346e+01,
       5.67274170e+01, 2.43310490e+01, 0., 0., 4.05215988e+01, 0., 0.,
       2.40416298e+01, 2.84605007e+01, 1.90262966e+01, 0., 0.,
       5.38144951e+01, 4.24499741e+01, 2.46981773e+01, 0., 0.,
       1.70293865e+01, 6., 5.20000038e+01, 0., 74., 7.65375748e+01,
       7.38241196e+01, 0., 0., 0., 0., 0., 5.30094299e+01,
       5.28393784e+01, 0., 0., 0., 0., 2.91547585e+01, 0., 0.,
       2.60768108e+01, 0., 0., 0., 0., 2.90172367e+01, 0., 0.,
       3.00000019e+01, 2.77848873e+01, 0., 0., 0., 0., 0., 0.,
       4.82700729e+01, 0., 5.80517006e+01, 6.17737808e+01, 0., 0.,
       3.14006348e+01, 0., 2.95296478e+01, 3.41760139e+01,
       3.40587730e+01, 3.02654915e+01, 0., 0., 0., 4.33820229e+01,
       5.12445107e+01, 0., 0., 6.76756973e+01, 0., 0., 2.81780052e+01,
       0., 3.77359238e+01, 4.18807831e+01, 0., 0., 0., 0., 0.,
       5.46443024e+01, 4.95782204e+01, 0., 0., 2.08806133e+01,
       2.26715679e+01, 3.25576401e+01, 2., 66., 7.42428436e+01, 0., 0.,
       0., 0., 0., 0., 0., 5.44058838e+01, 5.88217621e+01, 0., 0., 0.,
       0., 0., 0., 0., 0., 2.60000019e+01, 0., 0., 0., 3.02654915e+01,
       0., 0., 2.68700562e+01, 3.25576401e+01, 0., 1.14017534e+01, 0.,
       0., 0., 0., 0., 0., 4.40454292e+01, 5.30094299e+01, 0., 0.,
       2.82842731e+01, 0., 0., 2.58069763e+01, 0., 0., 0., 0., 0., 0.,
       4.47213631e+01, 0., 0., 5.63560104e+01, 5.77061539e+01, 0., 0.,
       2.43310490e+01, 0., 0., 4.02492218e+01, 0., 0., 0., 0.,
       5.77061539e+01, 5.93632851e+01, 0., 0., 0., 0., 0.,
       4.60434570e+01, 4., 5.20000038e+01, 0., 0., 0., 0., 0.,
       1.47648239e+01, 0., 4.88262253e+01, 5.53172646e+01, 0., 0., 24.,
       0., 0., 3.03644524e+01, 2.84253387e+01, 0., 1.74928570e+01,
       2.02484570e+01, 0., 0., 0., 3.32866325e+01, 0., 0.,
       2.95296478e+01, 0., 0., 1.50332956e+01, 0., 0., 0., 0., 0., 0.,
       0., 0., 0., 0., 3.14006348e+01, 0., 0., 2.66833286e+01, 0., 0.,
       0., 0., 0., 0., 4.30813179e+01, 0., 0., 5.75673561e+01, 0., 0.,
       2.12602921e+01, 1.96977158e+01, 0., 0., 3.71214218e+01, 0., 0.,
       0., 0., 6.17737808e+01, 0., 0., 0., 0., 0., 0., 5.45893745e+01,
       10., 24., 0., 0., 0., 0., 0., 0., 4.18807831e+01, 5.12249947e+01,
       0., 0., 0., 3.80788651e+01, 0., 0., 4.31045227e+01,
       3.26496544e+01, 2.34093990e+01, 2.12132034e+01, 0., 0., 0.,
       3.67695541e+01, 3.11448231e+01, 0., 0., 2.91547585e+01, 0., 0.,
       1.92353840e+01, 0., 0., 9.48683357e+00, 0., 0., 0., 0., 0., 0.,
       0., 3.00665913e+01, 0., 0., 2.84605007e+01, 0., 0., 0., 0., 0.,
       0., 4.07921562e+01, 0., 0., 4.87647438e+01, 0., 1.70880070e+01,
       1.72046509e+01, 0., 0., 0., 4.43846817e+01, 0., 0., 0.,
       5.18652077e+01, 5.18844833e+01, 0., 0., 0., 0., 0., 0.,
       5.45893745e+01, 6., 2., 9.48683357e+00, 0., 0., 0., 0., 0.,
       4.10121918e+01, 0., 0., 0., 0., 4.50998917e+01, 0., 0.,
       5.30094299e+01, 0., 0., 0., 7.21110249e+00, 0., 3.25269127e+01,
       3.39411240e+01, 0., 0., 2.95296478e+01, 2.64196892e+01, 0., 0.,
       20., 0., 0., 1.07703295e+01, 0., 8.60232544e+00, 8.60232544e+00,
       0., 0., 0., 0., 2.68328171e+01, 0., 2.28035069e+01,
       2.64196892e+01, 0., 0., 5.65685415e+00, 0., 0., 4.31045227e+01,
       0., 0., 5.19230194e+01, 0., 0., 0., 0., 0., 0., 0.,
       4.93355865e+01, 0., 0., 5.32353287e+01, 5.30094299e+01, 0., 0.,
       0., 0., 0., 0., 0., 4.72652092e+01, 0., 8., 1.10453606e+01,
       1.21655245e+01, 0., 0., 0., 3.53836136e+01, 3.53836136e+01, 0.,
       0., 0., 0., 5.26307869e+01, 0., 0., 5.54436684e+01, 0., 0., 0.,
       0., 2.91547585e+01, 3.30151482e+01, 0., 0., 2.91547585e+01,
       2.81780052e+01, 0., 0., 0., 1.84390888e+01, 0., 0.,
       7.61577368e+00, 6., 8.60232544e+00, 0., 0., 7.07106829e+00, 0.,
       0., 2.12602921e+01, 2.03960781e+01, 2.23606815e+01, 0., 0.,
       5.65685415e+00, 7.61577368e+00, 0., 0., 4.78539429e+01, 0., 0.,
       5.33666573e+01, 0., 0., 0., 2.50199928e+01, 0., 0.,
       5.60357018e+01, 0., 0., 0., 6.58634949e+01, 0., 0., 0., 0.,
       1.10453606e+01, 0., 0., 4.49444084e+01, 0., 0., 12.,
       1.10453606e+01, 10., 0., 0., 3.58050270e+01, 3.96988678e+01, 0.,
       0., 0., 0., 0., 5.65154877e+01, 0., 0., 5.34602661e+01, 0., 0.,
       0., 2.56124973e+01, 3.22490311e+01, 0., 0., 2.72029419e+01,
       2.86007004e+01, 0., 0., 0., 1.65529461e+01, 0., 0., 0., 0., 0.,
       0., 6.32455540e+00, 0., 0., 2., 0., 0., 0., 0., 0., 0., 0., 8.,
       0., 0., 4.75394592e+01, 0., 0., 5.31601334e+01, 0., 0.,
       2.08806133e+01, 0., 0., 0., 5.94138031e+01, 0., 0.,
       6.75425797e+01, 6.52993088e+01, 0., 0., 1.50332956e+01,
       1.01980391e+01, 0., 0., 4.14004822e+01, 4.32666130e+01, 0., 4.,
       12., 0., 0., 0., 0., 4.40454292e+01, 0., 0., 0., 0., 0., 0.,
       5.61426735e+01, 0., 0., 5.10881577e+01, 0., 0., 0.,
       2.72029419e+01, 0., 0., 0., 3.28024406e+01, 0., 0., 0., 0.,
       1.33416643e+01, 0., 0., 0., 0., 0., 4.47213602e+00,
       5.09901953e+00, 0., 0., 0., 0., 0., 0., 0., 0., 0., 0., 0., 0.,
       0., 4.12310562e+01, 0., 0., 4.99799957e+01, 0., 0., 0., 0., 0.,
       0., 5.68858490e+01, 0., 0., 6.80294037e+01, 0., 0., 0., 0.,
       8.48528099e+00, 0., 0., 4.21900444e+01, 0., 0., 4., 6.,
       1.07703295e+01, 0., 0., 4.40454292e+01, 4.11096077e+01, 0., 0.,
       0., 0., 0., 0., 5.45893745e+01, 0., 0., 4.94974747e+01, 0., 0.,
       2.23606815e+01, 2.46981773e+01, 0., 0., 3.11126976e+01,
       3.11448231e+01, 0., 0., 1.21655245e+01, 1.44222050e+01,
       1.69705620e+01, 1.70293865e+01, 0., 0., 0., 4., 4., 4., 4., 0.,
       4.24264050e+00, 0., 0., 0., 0., 0., 0., 7.07106829e+00, 0., 0.,
       4.00249939e+01, 0., 0., 5.20000038e+01, 0., 0., 0., 0., 0., 0.,
       6.00166626e+01, 0., 0., 5.50090904e+01, 6.04152336e+01, 0., 0.,
       0., 0., 0., 0., 3.31058922e+01, 3.35261078e+01, 0., 0., 10., 0.,
       0., 0., 3.84187469e+01, 4.14004822e+01, 0., 0., 0., 0., 0., 0.,
       0., 4.90102005e+01, 0., 0., 4.75394592e+01, 0., 0.,
       2.63058929e+01, 0., 0., 2.77848873e+01, 3.12410011e+01, 0., 0.,
       0., 0., 0., 0., 1.72046509e+01, 0., 0., 0., 4., 4., 4., 4., 4.,
       4., 0., 0., 0., 0., 0., 0., 0., 0., 0., 3.93192062e+01, 0., 0.,
       5.46259995e+01, 0., 0., 0., 0., 0., 0., 6.00166626e+01, 0., 0.,
       5.99332962e+01, 0., 0., 0., 9.89949512e+00, 0., 0.,
       2.77848873e+01, 3.04630947e+01, 0., 0., 0., 22., 0., 0., 0.,
       4.02243690e+01, 0., 0., 0., 0., 9.48683357e+00, 10., 0., 0.,
       4.49444084e+01, 0., 0., 4.12310562e+01, 0., 0., 2.50199928e+01,
       0., 0., 3.10161228e+01, 0., 0., 0., 0., 0., 0., 0., 0.,
       1.52970581e+01, 0., 0., 4., 4., 4., 4., 0., 4.24264050e+00, 0.,
       0., 0., 0., 0., 0., 0., 0., 0., 3.40587730e+01, 0.,
       4.29418221e+01, 4.93963547e+01, 0., 0., 0., 0., 0., 0.,
       5.21536217e+01, 0., 0., 5.67978859e+01, 0., 0., 0., 0., 0., 0.,
