%YAML:1.0
---
M1: !!opencv-matrix
   rows: 3
   cols: 3
   dt: d
   data: [ 1.3748698903098750e+03, 0., 6.4787296169893818e+02, 0.,
       1.3861354204563265e+03, 3.5315996400144030e+02, 0., 0., 1. ]
M1: D1
M1: !!opencv-matrix
   rows: 1
   cols: 5
   dt: d
   data: [ 1.2249601634676500e-01, -1.2367826596607194e-01, 0., 0., 0. ]
M2: !!opencv-matrix
   rows: 3
   cols: 3
   dt: d
   data: [ 1.3748698903098750e+03, 0., 6.2109330486045735e+02, 0.,
       1.3861354204563265e+03, 3.2507691888713640e+02, 0., 0., 1. ]
M2: D2
M2: !!opencv-matrix
   rows: 1
   cols: 5
   dt: d
   data: [ 1.5116242732171101e-01, -3.9274117842447009e-01, 0., 0., 0. ]
